700 607
301 553 -422
320 647 940
475 663 -938
127 607 453
547 684 952
212 628 143
510 624 -494
47 296 -225
629 644 -435
422 635 -795
594 618 765
370 680 -919
501 670 -910
162 523 -611
306 451 9
329 341 836
632 655 -523
309 673 -145
9 584 486
523 620 -674
465 668 -116
281 322 -267
270 335 -503
529 559 801
21 647 881
694 695 -889
119 230 964
442 494 267
266 450 677
635 676 431
416 607 961
598 693 655
240 252 -352
530 677 489
552 576 866
95 559 -252
114 276 -514
688 691 906
82 224 96
688 697 303
346 689 220
509 575 -555
263 478 -836
112 437 -820
598 631 -759
660 696 -164
198 252 161
140 300 272
600 697 -440
626 700 542
106 274 683
336 377 -107
559 662 -493
542 642 -78
239 259 -499
154 292 747
364 559 -846
555 696 -603
63 164 -59
663 684 -592
62 251 -785
265 527 -526
697 700 537
240 493 879
519 699 -704
388 390 -783
269 698 -602
683 687 -195
683 691 -593
490 632 -537
34 521 -582
487 573 698
386 665 -111
487 674 778
359 457 685
365 420 580
71 199 -787
78 127 -365
299 328 -729
592 655 291
545 656 -76
500 668 499
563 668 844
5 587 284
305 470 -922
137 196 -131
665 684 301
358 396 -712
277 400 -783
427 662 323
413 430 -571
559 685 254
292 600 633
377 691 543
361 449 78
345 631 -227
92 629 939
458 598 -228
685 697 37
277 378 421
258 669 490
209 348 857
253 454 596
129 580 432
609 662 185
125 491 -322
649 697 -674
78 288 217
500 588 -588
77 192 -495
453 681 -928
55 391 6
566 593 822
435 607 593
287 316 -569
312 376 391
182 681 -509
86 99 243
402 576 553
127 683 99
592 668 391
351 693 -201
242 343 -332
95 206 969
416 455 797
19 664 -283
70 546 714
357 661 59
532 562 566
377 614 -30
649 661 -305
453 618 -881
191 474 -487
646 692 954
428 510 798
262 524 -800
435 675 206
453 606 -530
566 597 257
622 695 -366
260 624 915
132 325 220
698 698 244
361 514 -193
650 685 -742
240 678 -713
643 697 -217
557 657 -368
570 683 -314
45 637 -247
365 633 -449
20 636 27
14 438 -807
555 567 755
116 575 -721
203 412 -852
526 594 878
663 692 731
223 621 -231
517 627 202
356 403 -656
615 677 19
400 490 -560
392 460 -236
545 614 -81
55 140 258
681 697 -9
98 555 -857
575 584 480
415 591 -288
583 672 358
384 567 13
408 425 79
263 335 832
161 534 842
543 661 -13
173 525 314
245 465 -288
408 697 429
305 652 -817
669 671 752
154 592 -128
54 232 -219
263 526 -26
589 670 203
494 699 264
229 345 976
684 691 -221
163 351 936
483 560 -65
171 400 -984
197 303 182
280 476 -915
205 614 812
183 486 959
457 616 400
214 481 -545
622 693 -632
238 493 -768
4 688 -848
420 423 242
286 546 139
486 611 -387
608 642 725
112 614 -293
455 616 -144
560 657 -65
489 597 -968
256 640 71
357 588 -40
91 644 866
351 676 -794
395 594 -64
656 692 213
14 29 -260
331 603 68
481 529 631
247 633 790
611 657 -533
478 680 118
653 664 840
43 669 80
32 39 -865
354 473 379
78 205 -210
244 620 822
488 607 -600
486 657 -531
531 619 -572
183 664 844
267 320 -932
551 558 -256
156 283 -553
397 460 -619
240 578 -390
217 588 -811
15 369 255
562 600 331
587 605 152
326 448 377
483 554 11
660 691 929
181 358 131
114 196 26
493 503 554
214 397 -461
449 637 136
176 470 -403
309 426 -684
492 577 -381
432 687 -726
155 603 3
62 629 380
478 628 773
128 314 185
336 391 -111
226 455 -164
355 540 555
343 459 -246
274 300 860
644 687 746
256 443 -985
176 198 481
479 548 861
639 684 867
410 467 272
393 471 -194
46 185 -870
633 651 -856
184 402 363
322 480 -542
359 532 -240
609 695 -386
694 696 411
204 646 -347
93 698 -152
279 519 -465
99 289 -270
273 481 908
486 641 558
578 603 -191
669 677 369
4 386 883
47 180 -150
256 523 396
44 148 833
646 678 -743
602 690 -305
466 517 979
224 336 -124
216 539 601
559 694 -333
244 442 231
575 577 -489
233 562 -326
52 193 -626
343 625 12
567 591 210
618 689 461
698 699 789
216 645 32
410 578 -973
670 678 -227
342 584 280
219 300 641
471 612 -161
20 391 -543
582 692 103
26 328 -541
46 514 890
402 502 -36
45 259 320
318 645 286
199 671 -820
71 389 -885
185 275 283
1 195 590
550 572 677
562 590 614
294 319 908
508 544 410
630 700 -268
404 647 -599
484 640 323
72 418 958
597 684 689
607 689 -59
385 693 725
37 595 -597
295 626 -35
490 531 -720
629 661 -978
626 647 -92
686 693 570
362 467 -659
133 206 250
287 308 334
413 698 846
32 497 -146
426 659 -104
696 699 29
46 700 544
455 643 -170
181 583 467
650 679 188
376 424 81
268 679 -94
618 684 -254
440 518 -651
106 481 139
272 435 -977
621 625 901
494 609 -659
75 689 729
559 616 84
519 693 -944
472 624 -408
571 665 566
206 697 -711
438 670 -221
383 418 -754
660 685 345
196 669 -99
517 546 839
541 574 -837
229 262 874
538 664 656
343 625 -396
375 459 -32
312 439 252
690 696 517
340 663 -891
268 332 -845
289 449 -809
100 691 415
393 693 253
648 658 350
447 538 913
273 473 110
556 611 782
573 670 -380
515 521 318
239 435 -148
606 629 -952
4 80 859
227 252 -879
652 663 666
340 527 471
238 610 -697
620 651 -743
630 670 102
341 419 82
164 432 674
366 510 -913
216 511 -136
666 672 127
171 371 -611
600 650 186
277 438 351
374 399 -843
274 458 -871
42 521 449
40 159 -246
303 313 -865
460 476 181
201 621 552
584 660 418
604 681 -646
506 637 143
27 287 -333
288 519 -586
329 528 -930
170 310 174
562 611 -457
531 651 -920
527 631 -938
643 681 -754
237 543 976
13 413 134
253 638 256
334 507 -969
637 670 758
462 592 -810
185 663 898
451 471 -854
294 637 387
143 441 -73
177 430 -585
66 426 826
250 269 995
102 227 314
493 525 -378
655 698 118
456 524 -606
484 497 656
312 414 517
341 584 -744
667 687 675
9 619 -96
561 683 636
626 670 -144
86 655 593
206 265 -418
387 621 -243
341 474 -197
62 576 -770
223 436 263
584 596 -119
554 581 -963
82 677 -559
689 693 -258
694 698 532
551 693 284
65 530 -701
643 689 -329
295 540 872
475 475 -776
263 474 492
176 222 444
90 185 416
247 421 -882
578 657 -229
324 557 -952
408 693 -685
398 506 397
220 369 312
568 687 -784
585 613 -841
58 665 -824
503 678 -349
595 653 605
232 606 -923
17 272 315
230 603 659
185 440 738
652 653 156
69 161 248
71 688 -244
21 619 -881
601 643 -760
414 573 -747
295 550 779
448 635 262
678 685 -855
501 559 749
192 195 -352
255 671 7
71 603 248
568 575 -776
575 594 -578
635 649 981
531 568 -867
58 122 856
695 696 -881
501 666 -493
401 571 203
184 310 472
165 585 -632
196 345 848
159 552 -462
250 508 382
326 474 -440
554 606 216
347 515 621
42 591 -564
332 440 -384
163 258 601
72 268 -782
612 672 919
377 534 -569
598 694 -550
11 528 235
444 679 -959
579 635 -275
396 526 925
618 625 -654
598 660 862
483 610 486
256 440 11
55 590 754
388 593 927
5 674 660
425 529 -216
180 693 590
654 688 -364
173 545 574
271 469 -811
134 180 -953
136 684 852
518 698 -78
203 462 151
326 472 -775
624 689 332
687 691 -525
461 477 -471
471 534 -252
526 526 -659
619 635 500
379 416 -616
520 654 84
557 611 810
212 393 -275
100 101 69
301 533 527
228 390 -816
365 667 -923
290 371 556
289 454 42
89 286 319
664 673 450
683 689 -890
443 485 -573
391 667 100
134 170 264
160 519 819
138 221 842
205 543 -608
395 560 689
227 669 848
196 444 -784
258 584 410
4 594 242
501 655 105
646 684 -425
418 457 132
419 470 -324
27 70 876
699 700 821
368 661 -989
64 592 421
163 521 -163
162 357 307
587 686 1
112 575 39
386 556 -320
494 577 681
570 634 -56
592 646 -580
384 392 -789
277 381 -559
699 700 -384
391 607 492
673 674 724
40 166 -840
637 687 890
73 628 196
286 313 538
347 590 996
124 562 -246
211 502 -941
257 400 104
246 364 610
562 585 -724
279 678 647
66 687 -24
565 642 567
110 356 -459
346 537 210
592 699 -589
526 529 -50
502 513 -656
48 669 538
15 18 -868
434 449 521
149 443 -541
51 122 730
448 465 -545
67
9 10 3 4 8 2 5 1
4 1
6 3 7 9 1 10
6 4
6 7 1 9
9
10 7 8 1 6 4 3 9
6 3 8 2
7 5 2 4 1 3 10 9
4 8 7 10 2 9
10 8 3
6 10 3 8 2 9 7 4 1
10 7 2 9 4 8 6 3 1 5
7 2 5 8 3 1 4 10 6 9
7 4 5 9
1 5 2 4 6
1 3 2 4 9
3 8
5 4 8 9 6 10
4 10 8 7 3
9 8 7 6 2 1 3 4 10 5
9 3 6 5 7 8 1 4
5 6 9 10
9
1 3 9 10 6 2 7
5 1 10 8 6 2 7 3 9 4
2 4 9 5 3 8 7 10 6 1
7
3 5 1 7 2 10 4
5
1 2 10 4 8 3 5 6 7
3 2 10 9 7 6 1 5 8 4
3 9
3 1
6 7 3 2 1 10 8 5 9 4
5 2 10 1 9 4 3 7
9 3 5 4 8 1 7 6 10
1 4 3 7 8
4 2 7 1 9 5
6 5 4 7
8 1 3 10 6
2 7 9 5
5 10
5 2 4 8
5 9
7 8 3 1 5
10 5 4 2 9 1
7 4 9
10 4
3 2
1 8 9 4 3 5 6 7
7 1 2 4
8 10 9 5 4 7
8 9 4 5
5 1 4 9
3 8 2
7 3 10 8 9 2 5 6
9 2 4 8 6 5 7 10 1
10 4 8 9 7 1 2 6 3
2 6 1 3
5 4 1 3 2
7 6 2 10 1 5 3 8
6 4 8
7 6 4 2 1 5 10 9
10 9 6 3 7 2 4
7 5 9
7 6 4 5 3 1 8