200 100
45 173 -494
154 195 227
70 191 666
127 135 79
36 61 29
128 132 -640
49 51 -379
121 148 -303
131 139 998
200 200 -990
148 176 863
62 167 968
140 152 -816
3 154 81
195 199 212
165 186 -60
172 175 -135
109 117 604
98 115 957
83 140 748
14 74 -115
17 91 -341
12 73 -945
60 77 606
78 108 -133
133 193 610
74 114 -504
52 99 306
65 173 591
44 62 -977
9 175 -535
170 171 -455
76 98 -411
114 127 -156
24 179 -154
125 159 921
59 101 -308
130 142 218
158 172 3
21 117 -74
40 40 358
15 102 -126
19 72 501
17 151 875
77 162 374
27 47 -54
184 190 878
145 169 89
61 126 -832
14 167 -617
43 152 -136
126 143 322
47 173 822
8 192 -515
103 163 178
93 159 600
178 196 -48
103 167 7
169 176 -502
183 195 78
158 176 445
189 192 455
124 200 -271
189 195 -868
75 124 -737
119 133 439
168 185 426
28 195 216
103 117 -368
64 124 -136
124 193 -218
20 174 748
173 193 -99
115 200 -241
69 195 433
174 182 497
38 102 377
21 165 -732
67 82 201
161 167 -810
7 145 -285
20 100 -117
169 191 -347
114 182 735
91 177 718
39 120 -368
43 138 -863
137 138 -436
190 192 88
13 75 -368
33 50 337
89 89 -160
160 185 21
83 99 -441
19 70 -1000
88 183 903
34 196 -844
196 196 355
178 178 -573
94 169 -445
20
1 6 9 4 3 10 2 5 8 7
2 6 10 7 1 9 5 3 4
4 2 5
5
10
8 7 1 4 6 5 10 9 2
4 2 9 8 10 5
8 2 9 6 1 7
2 6
2 5
6 7 10
10
6 2 1 7 4 9 3 10
4 7 6 3 2 9 1 5 8
1 6 7 10 9 3 8 4
3 10 7 2 1 6 8 5
6 5 7 1 8 4 10 2 9 3
4 8 5 6 3 1 10 7 9
8 6 4 7 1 10 2 5 9
7 8 2 9 6 10 1
